1.666672e-03 
1.852970e-03 
2.597757e-04 
1.868484e-03 
1.293611e-03 
1.995374e-04 
5.697210e-04 
1.118750e-03 
1.958762e-03 
1.973863e-03 
3.224275e-04 
1.985532e-03 
1.958067e-03 
9.929281e-04 
1.637126e-03 
2.902555e-04 
8.627928e-04 
1.873311e-03 
1.620611e-03 
1.962824e-03 
1.341442e-03 
7.305502e-05 
1.737055e-03 
1.910661e-03 
1.388482e-03 
1.550101e-03 
1.520219e-03 
8.023749e-04 
1.340905e-03 
3.501949e-04 
1.444351e-03 
6.512014e-05 
5.664986e-04 
9.445235e-05 
1.987015e-04 
1.684539e-03 
1.421404e-03 
6.486872e-04 
1.943860e-03 
7.046600e-05 
8.975350e-04 
7.805503e-04 
1.566010e-03 
1.626733e-03 
3.822834e-04 
1.001906e-03 
9.115312e-04 
1.322156e-03 
1.451141e-03 
1.543855e-03 
5.646617e-04 
1.390461e-03 
1.340127e-03 
3.326532e-04 
2.434324e-04 
1.019498e-03 
1.963339e-03 
6.963237e-04 
1.197276e-03 
4.578499e-04 
1.536860e-03 
5.218455e-04 
1.035031e-03 
1.430094e-03 
1.822512e-03 
1.962413e-03 
1.119433e-03 
2.835826e-04 
3.054093e-04 
5.267821e-04 
1.719847e-03 
5.201825e-04 
1.665774e-03 
4.981766e-04 
1.900985e-03 
7.159583e-04 
4.021729e-04 
5.136397e-04 
1.260236e-03 
9.682023e-04 
7.193863e-04 
1.699618e-03 
1.197269e-03 
1.124564e-03 
1.876294e-03 
5.847380e-04 
1.548997e-03 
1.541896e-03 
7.782743e-04 
1.161587e-03 
1.551744e-04 
1.103652e-04 
1.085847e-03 
1.593935e-03 
1.910696e-03 
2.657478e-04 
1.163637e-03 
9.602278e-04 
2.434794e-05 
6.896484e-04 
3.317747e-04 
1.624860e-03 
6.366495e-04 
1.081215e-03 
3.388660e-04 
1.231468e-03 
5.379577e-04 
1.338043e-03 
1.409919e-03 
1.530486e-03 
9.216685e-04 
1.714726e-04 
4.684159e-04 
1.868405e-03 
3.117182e-04 
1.689366e-03 
1.101282e-03 
2.037783e-03 
1.599229e-04 
9.055825e-04 
2.181785e-04 
1.967745e-03 
9.480186e-06 
1.585227e-03 
1.671949e-03 
1.777080e-03 
1.727296e-04 
8.178314e-04 
5.316143e-04 
1.636692e-03 
8.825390e-04 
1.862903e-03 
3.720027e-04 
5.396590e-04 
2.977276e-04 
2.783541e-04 
1.778302e-03 
1.185896e-03 
1.124844e-03 
2.965326e-04 
1.745037e-03 
1.272532e-03 
7.179398e-04 
1.049949e-03 
8.219747e-04 
1.554043e-04 
4.907941e-04 
2.522723e-04 
3.762183e-04 
4.908685e-04 
8.535991e-04 
1.015776e-04 
1.846677e-03 
1.932742e-03 
1.004156e-03 
1.000859e-03 
6.908692e-04 
1.841231e-03 
7.553645e-04 
2.274864e-04 
1.596154e-03 
7.972849e-04 
4.944255e-04 
8.262790e-04 
1.973161e-04 
2.699764e-04 
1.927143e-03 
1.955955e-03 
1.176698e-03 
1.222904e-04 
4.802869e-04 
7.224530e-04 
1.679908e-03 
3.151066e-05 
8.801336e-05 
3.457012e-04 
1.327889e-03 
1.496877e-03 
1.325087e-03 
9.224501e-04 
1.119011e-03 
6.061805e-04 
1.523411e-03 
3.865434e-04 
1.404930e-03 
3.754069e-04 
7.538053e-04 
1.279822e-03 
1.596103e-03 
1.659582e-04 
1.901236e-03 
1.586868e-03 
9.958248e-04 
8.916316e-04 
9.139811e-04 
6.266961e-04 
1.040251e-03 
1.044880e-03 
1.672613e-03 
1.625979e-03 
1.318075e-03 
7.745174e-04 
1.660242e-03 
1.089996e-03 
7.174789e-04 
1.920906e-03 
1.791907e-03 
1.125449e-03 
1.273391e-03 
1.200911e-03 
4.249763e-04 
6.162566e-04 
9.633632e-04 
4.715073e-04 
1.727194e-03 
3.984274e-04 
4.621659e-04 
3.492157e-04 
4.657306e-04 
8.913045e-04 
6.364188e-04 
1.888949e-03 
8.800710e-04 
3.780769e-04 
1.851106e-03 
2.004261e-03 
8.977919e-04 
2.273155e-04 
5.279204e-04 
8.361141e-04 
1.216973e-03 
5.364040e-04 
1.233230e-03 
1.454927e-03 
4.536251e-04 
2.402001e-04 
6.069069e-04 
6.521216e-04 
8.677137e-04 
1.038921e-03 
1.749388e-04 
5.369573e-04 
1.638628e-03 
5.977563e-05 
1.900148e-03 
1.494031e-03 
9.995425e-04 
1.183483e-03 
4.854087e-04 
9.386625e-04 
1.970181e-03 
1.118595e-03 
1.066082e-03 
4.737703e-04 
1.000133e-03 
1.276633e-03 
1.389301e-03 
8.091015e-04 
7.516615e-04 
2.021105e-03 
7.720202e-05 
1.810779e-03 
1.868302e-03 
1.628745e-03 
2.019347e-04 
5.357073e-04 
6.860361e-04 
1.390513e-03 
2.793454e-04 
1.475408e-03 
2.184017e-04 
1.337385e-03 
1.010927e-03 
1.593698e-03 
1.462744e-03 
1.848732e-03 
1.822551e-03 
6.835940e-04 
1.429417e-03 
4.046576e-04 
6.247731e-05 
1.522145e-03 
1.022891e-03 
9.817719e-04 
1.850781e-03 
1.247598e-03 
1.263554e-03 
1.758153e-03 
1.647782e-03 
1.179793e-03 
3.742027e-04 
4.908265e-04 
1.813529e-03 
5.865843e-05 
1.002186e-03 
3.435269e-04 
2.002077e-03 
1.457952e-03 
1.023810e-03 
9.637008e-04 
1.219617e-04 
1.395103e-03 
8.680095e-05 
1.461553e-04 
1.067134e-03 
1.978796e-04 
1.673678e-03 
1.672448e-03 
1.477887e-03 
3.065782e-04 
1.349348e-03 
1.060885e-03 
1.990404e-03 
1.327635e-03 
1.637228e-03 
9.283294e-04 
8.845390e-04 
1.688336e-03 
1.707534e-04 
2.724266e-04 
3.546994e-04 
7.997376e-04 
1.700745e-03 
1.643435e-03 
1.237053e-04 
8.167576e-04 
1.077825e-03 
8.526425e-04 
1.343732e-03 
1.284639e-03 
5.973089e-04 
8.830245e-04 
3.168186e-05 
2.013089e-03 
3.419747e-04 
2.172857e-04 
7.618349e-04 
4.052888e-04 
1.001749e-03 
6.944983e-04 
1.946741e-03 
1.882714e-03 
1.077608e-04 
1.509429e-03 
5.505349e-04 
8.649906e-04 
1.120774e-03 
1.928548e-03 
8.545749e-04 
2.011021e-03 
6.166834e-04 
1.434231e-03 
1.363123e-03 
1.102886e-03 
1.428107e-03 
1.363510e-03 
3.644038e-04 
2.618778e-04 
2.043809e-03 
3.500607e-04 
6.669117e-05 
1.148041e-03 
1.804026e-03 
1.368925e-03 
3.895674e-04 
7.546889e-04 
9.425025e-04 
2.008127e-03 
3.199561e-04 
1.750134e-03 
1.318988e-03 
7.697363e-04 
3.905707e-04 
8.760729e-04 
9.860677e-04 
2.467340e-04 
1.205950e-03 
4.627099e-04 
7.868115e-04 
1.192609e-03 
5.151173e-04 
5.941516e-04 
1.262377e-03 
5.426825e-04 
1.686418e-03 
2.010225e-03 
1.493863e-03 
7.034658e-04 
1.194825e-03 
2.204620e-04 
1.854026e-03 
1.799499e-03 
1.672885e-03 
5.333687e-04 
1.215869e-03 
4.605379e-05 
8.699487e-04 
6.397259e-04 
3.303477e-04 
3.657002e-04 
8.650930e-04 
1.927640e-04 
1.224394e-03 
9.633651e-04 
1.423697e-03 
1.431754e-03 
1.306236e-03 
6.874303e-05 
1.407560e-04 
6.538020e-04 
1.085984e-03 
1.338793e-03 
8.338625e-04 
1.677427e-03 
1.469540e-03 
1.981556e-03 
1.086944e-03 
6.651473e-04 
2.160846e-04 
1.249832e-03 
1.593188e-03 
8.662534e-04 
1.857963e-04 
5.451181e-04 
3.143340e-04 
5.748497e-04 
9.002778e-04 
1.078371e-03 
9.357485e-04 
1.790739e-03 
1.059774e-03 
1.930359e-03 
1.304555e-03 
1.959145e-03 
4.924120e-04 
1.383137e-03 
5.913365e-04 
1.374311e-03 
1.422042e-03 
1.390921e-04 
5.212217e-04 
4.583165e-04 
1.366179e-03 
1.727365e-03 
7.046633e-04 
1.596701e-03 
1.381520e-03 
1.373745e-05 
1.231854e-03 
7.912140e-04 
1.873834e-03 
2.354706e-06 
9.460276e-04 
8.680866e-04 
9.428920e-04 
1.575508e-03 
6.596774e-04 
1.605333e-03 
9.642506e-04 
7.315947e-05 
3.597845e-04 
1.476493e-03 
9.686056e-04 
3.124202e-04 
6.978352e-04 
1.242530e-03 
3.922514e-04 
1.510592e-03 
4.967950e-04 
1.876766e-03 
5.504166e-04 
1.565976e-03 
3.859439e-04 
5.881321e-04 
1.863899e-04 
1.178746e-03 
1.397949e-03 
1.118160e-03 
8.709092e-04 
1.318330e-03 
1.324825e-03 
1.389058e-03 
1.300623e-03 
1.933533e-03 
4.274161e-04 
1.450971e-03 
4.832545e-04 
2.442477e-04 
1.242356e-03 
9.208422e-04 
9.384102e-04 
1.354134e-03 
1.575765e-03 
7.164375e-04 
1.354266e-03 
8.513315e-04 
1.722326e-03 
1.703890e-03 
5.245988e-04 
1.254951e-03 
1.191101e-03 
1.106185e-03 
1.779630e-03 
5.416558e-04 
6.506810e-04 
2.438760e-04 
1.922600e-03 
1.320599e-03 
9.808331e-04 
1.307844e-03 
1.114320e-03 
1.324199e-03 
1.112622e-03 
1.475038e-03 
1.068863e-03 
2.032812e-03 
4.473446e-04 
2.164305e-04 
2.244070e-04 
1.300882e-04 
8.276453e-04 
9.172320e-04 
7.483465e-04 
1.561894e-03 
1.284481e-03 
1.579233e-03 
1.908329e-03 
1.989926e-03 
3.928305e-04 
2.840936e-04 
1.424345e-03 
1.919267e-04 
1.074815e-03 
1.084920e-03 
1.761625e-03 
9.918596e-04 
8.048898e-04 
1.373540e-03 
1.516384e-03 
1.063866e-03 
7.113123e-04 
3.068479e-04 
1.198963e-03 
5.362681e-04 
9.093929e-05 
1.544359e-03 
4.966636e-04 
9.050180e-04 
1.407018e-03 
7.348696e-04 
1.506324e-03 
8.074491e-04 
1.398057e-03 
1.440263e-03 
9.048198e-04 
4.004975e-05 
6.768327e-04 
8.680057e-04 
5.528895e-04 
4.031110e-04 
1.680987e-03 
8.794859e-04 
1.816104e-03 
8.002392e-04 
1.573370e-03 
8.117124e-04 
1.653969e-03 
1.544654e-03 
7.720343e-04 
4.419077e-04 
1.616928e-03 
1.941982e-03 
6.700973e-04 
1.373199e-03 
8.973317e-04 
1.705084e-03 
1.572837e-03 
3.421489e-04 
1.763345e-03 
2.024972e-03 
1.052351e-03 
1.808965e-03 
1.202919e-03 
3.165753e-04 
4.088574e-04 
8.325035e-04 
1.531620e-03 
1.688889e-03 
1.616019e-03 
6.516019e-04 
1.092530e-03 
1.840112e-04 
2.285153e-04 
2.788123e-04 
1.388312e-03 
1.012979e-03 
3.880887e-04 
1.012628e-03 
3.019607e-04 
1.124601e-04 
1.740294e-03 
1.146731e-03 
1.901692e-03 
1.425165e-03 
1.192210e-03 
1.668050e-03 
1.798190e-03 
2.023007e-03 
1.068618e-06 
1.770419e-03 
1.253121e-03 
2.025131e-03 
1.079470e-03 
9.809562e-04 
1.639309e-03 
4.660960e-04 
1.018947e-03 
1.842865e-03 
1.175579e-03 
1.728973e-03 
1.511029e-03 
1.198748e-03 
5.047424e-04 
1.363281e-03 
1.707800e-04 
1.280520e-03 
1.352088e-03 
1.492846e-03 
1.822203e-03 
2.009488e-03 
1.573195e-03 
1.189459e-03 
1.899041e-03 
1.186685e-03 
3.474183e-05 
2.472412e-04 
1.764839e-03 
9.907205e-04 
1.728313e-03 
4.283779e-04 
1.129817e-03 
1.288546e-03 
6.544370e-05 
1.257513e-03 
7.413815e-04 
1.013283e-04 
1.001508e-03 
3.938166e-04 
2.517912e-04 
4.203774e-04 
2.997241e-04 
3.867831e-04 
8.725361e-05 
1.299418e-03 
5.766122e-04 
1.101802e-03 
1.422088e-03 
1.021037e-03 
1.096083e-03 
9.107068e-04 
2.535270e-04 
1.003119e-03 
1.744970e-03 
1.787785e-03 
5.529384e-04 
4.264473e-04 
1.155773e-03 
1.309880e-03 
8.531120e-04 
4.213621e-04 
1.939177e-03 
1.678922e-04 
2.162487e-04 
2.905721e-04 
3.405265e-04 
1.270289e-03 
1.173632e-03 
1.065352e-04 
1.904949e-03 
1.490616e-03 
1.509395e-03 
1.297060e-04 
1.760195e-03 
1.911503e-03 
2.013774e-03 
1.757123e-03 
1.607010e-03 
1.050211e-03 
3.633196e-04 
8.153906e-04 
2.739818e-04 
6.319044e-05 
1.921193e-03 
6.163788e-04 
6.045706e-04 
6.810844e-04 
9.554767e-04 
1.326013e-03 
5.160904e-05 
1.722894e-03 
1.143607e-03 
1.747224e-03 
7.116530e-04 
9.124323e-04 
1.109572e-04 
3.623071e-04 
1.355900e-03 
6.767736e-04 
1.838024e-03 
2.417089e-04 
2.021997e-03 
1.104636e-03 
1.446134e-03 
2.044650e-03 
5.888505e-04 
8.479846e-04 
9.509184e-04 
1.562819e-03 
1.673792e-03 
2.050222e-04 
3.643721e-04 
7.357016e-04 
1.160002e-04 
1.067616e-03 
6.870429e-04 
3.593644e-04 
4.274401e-04 
1.851664e-03 
1.381641e-03 
9.583407e-04 
1.865940e-03 
2.127754e-04 
1.525156e-03 
1.506175e-03 
1.149394e-03 
3.768040e-04 
1.221709e-03 
6.135781e-04 
2.743739e-04 
4.349168e-04 
1.830773e-03 
1.461703e-04 
4.960523e-04 
1.099648e-04 
9.036264e-04 
2.717331e-05 
1.835375e-03 
4.023017e-04 
1.910071e-04 
6.287774e-04 
9.329526e-04 
2.079841e-04 
2.036259e-03 
6.793590e-04 
6.082794e-04 
1.269253e-04 
6.101147e-04 
9.482032e-05 
1.033949e-03 
1.557641e-03 
1.290974e-03 
1.838905e-04 
1.654195e-04 
1.589993e-03 
1.851625e-03 
1.091932e-03 
2.232957e-04 
1.689349e-03 
6.916431e-04 
6.013777e-04 
1.526726e-03 
2.114552e-05 
9.910824e-05 
1.366349e-03 
1.234508e-03 
1.076243e-03 
1.492759e-03 
1.446821e-03 
1.598455e-03 
5.891116e-04 
1.416706e-03 
1.138774e-03 
8.111586e-04 
1.259954e-04 
1.595997e-03 
6.905919e-04 
1.243505e-03 
1.516376e-03 
2.144154e-04 
2.616200e-04 
1.124189e-03 
9.926290e-04 
1.821637e-03 
1.634425e-03 
1.502234e-03 
1.050091e-04 
1.491007e-04 
1.810997e-04 
1.633178e-03 
1.929102e-03 
1.398670e-03 
2.702008e-04 
1.478470e-03 
2.257490e-04 
2.403540e-04 
1.310710e-03 
6.726520e-04 
1.337497e-03 
1.532491e-03 
1.193017e-03 
1.513877e-03 
4.803831e-04 
1.503495e-03 
1.985544e-03 
1.773471e-03 
1.764091e-04 
7.496157e-04 
7.552663e-04 
1.401356e-03 
1.223203e-03 
1.614794e-03 
7.521039e-04 
4.214691e-04 
1.772929e-04 
1.579138e-03 
4.207463e-04 
7.942834e-04 
1.128768e-03 
4.683674e-04 
1.313212e-03 
9.910967e-04 
3.106289e-04 
1.599590e-03 
2.058094e-04 
6.015686e-04 
4.855916e-04 
1.086000e-03 
1.871780e-04 
8.291497e-04 
2.144829e-04 
2.296982e-04 
1.604696e-03 
5.964625e-04 
1.234642e-03 
1.972910e-03 
8.847302e-04 
1.421248e-03 
1.550836e-03 
8.850521e-04 
1.340946e-03 
2.245248e-04 
1.910183e-03 
3.834867e-04 
5.445194e-04 
1.632113e-03 
9.974862e-04 
1.573050e-03 
8.101070e-04 
5.583482e-04 
7.617052e-05 
1.377353e-03 
8.787557e-04 
9.241184e-04 
1.247579e-03 
1.215207e-04 
6.460523e-04 
1.580750e-03 
1.424686e-03 
2.563908e-04 
2.662495e-04 
1.889243e-04 
1.599790e-05 
8.655506e-04 
1.341100e-03 
1.478875e-03 
1.086690e-03 
2.226078e-04 
1.292398e-03 
2.587795e-04 
2.747429e-04 
2.016930e-04 
2.905437e-04 
3.441900e-04 
4.014645e-04 
6.494652e-04 
6.473156e-04 
4.450671e-04 
5.135538e-04 
1.826642e-03 
1.438577e-03 
1.136868e-03 
3.772941e-04 
4.337494e-04 
1.582276e-04 
1.869352e-03 
1.445720e-03 
1.141063e-03 
6.411786e-04 
3.400010e-04 
1.273436e-03 
2.021008e-03 
3.486511e-04 
5.273630e-04 
8.117284e-04 
1.513704e-04 
1.399449e-03 
8.231618e-04 
2.010576e-03 
8.227438e-04 
1.269702e-03 
3.157928e-04 
7.801141e-04 
3.296302e-04 
1.550863e-03 
1.782023e-03 
7.175805e-04 
1.402394e-03 
6.017369e-04 
1.085503e-03 
1.702880e-03 
1.222280e-03 
6.859430e-04 
6.121216e-04 
9.258640e-04 
8.646020e-04 
7.356431e-04 
1.142148e-03 
1.519018e-03 
8.680574e-04 
8.783289e-04 
2.554510e-04 
4.998442e-05 
5.936291e-04 
6.495487e-04 
1.337247e-03 
1.957594e-03 
1.914215e-03 
9.366935e-04 
4.919443e-04 
1.562698e-03 
1.553348e-03 
1.515136e-03 
1.521356e-03 
2.166803e-04 
1.394261e-03 
9.476875e-04 
4.340202e-04 
2.015388e-04 
1.684778e-03 
3.580157e-04 
3.346133e-04 
1.362403e-03 
1.829643e-03 
1.056718e-03 
1.437511e-03 
3.141983e-04 
1.950478e-03 
1.106481e-03 
1.390525e-03 
7.479660e-05 
1.655380e-03 
1.531442e-03 
2.458654e-04 
1.074080e-03 
6.665546e-04 
1.117866e-03 
8.159864e-04 
8.491524e-04 
3.697334e-04 
5.224421e-04 
4.200983e-05 
1.889554e-03 
1.337267e-03 
1.907838e-03 
3.344956e-04 
1.884279e-03 
1.625624e-03 
1.181170e-03 
9.001764e-04 
5.269979e-04 
1.538249e-03 
4.677869e-04 
1.313069e-04 
1.569718e-03 
1.373072e-03 
1.463103e-03 
1.313457e-03 
8.572429e-04 
7.993781e-04 
1.669570e-03 
6.493590e-04 
1.666296e-03 
1.614200e-03 
1.743468e-03 
1.034376e-03 
1.300366e-03 
1.945235e-03 
9.082130e-04 
1.227799e-04 
1.773102e-03 
